{
 "cells": [
  {
   "cell_type": "code",
   "execution_count": 1,
   "id": "cc52cb3f-253b-4eed-9c77-4192ecfb9db8",
   "metadata": {},
   "outputs": [],
   "source": [
    "#%%\n",
    "from importlib import reload\n",
    "from datetime import datetime\n",
    "from vnpy.trader.constant import Interval\n",
    "from vnpy.app.portfolio_strategy.backtesting import BacktestingEngine\n",
    "\n",
    "# vt_symbol=\"XBTUSD.BITMEX\" \n",
    "def run_backtesting(\n",
    "    strategy_class, \n",
    "    setting=None,\n",
    "    vt_symbols=[\"btcusdt.BINANCE\", \"ethusdt.BINANCE\"],\n",
    "    interval=Interval.HOUR,\n",
    "    start=datetime(2017, 1, 1), \n",
    "    end=datetime(2021, 12, 31), \n",
    "    rates={\"btcusdt.BINANCE\": 2/10000, \"ethusdt.BINANCE\": 2/10000}, \n",
    "    slippages={\"btcusdt.BINANCE\": 0.5, \"ethusdt.BINANCE\": 0.5}, \n",
    "    sizes={\"btcusdt.BINANCE\": 1, \"ethusdt.BINANCE\": 1}, \n",
    "    priceticks={\"btcusdt.BINANCE\": 0.5, \"ethusdt.BINANCE\": 0.5}, \n",
    "    capital=1_000_000,\n",
    "):\n",
    "    engine = BacktestingEngine()\n",
    "    \n",
    "    engine.set_parameters(\n",
    "        vt_symbols=vt_symbols,\n",
    "        interval=interval,\n",
    "        start=start,\n",
    "        end=end,\n",
    "        rates=rates,\n",
    "        slippages=slippages,\n",
    "        sizes=sizes,\n",
    "        priceticks=priceticks,\n",
    "        capital=capital,\n",
    "    )\n",
    "\n",
    "    if setting is None:\n",
    "        setting = {}\n",
    "    engine.add_strategy(strategy_class, setting)\n",
    "    \n",
    "    engine.load_data()\n",
    "    engine.run_backtesting()\n",
    "    df = engine.calculate_result()\n",
    "    engine.calculate_statistics()\n",
    "    engine.show_chart()\n",
    "    \n",
    "    return df\n",
    "\n",
    "def show_portfolio(df_list):\n",
    "    portfolio_df = df_list[0]\n",
    "    for df in df_list[1:]:\n",
    "        portfolio_df += df\n",
    "    \n",
    "    engine = BacktestingEngine()\n",
    "    engine.calculate_statistics(portfolio_df)\n",
    "    engine.show_chart(portfolio_df)"
   ]
  },
  {
   "cell_type": "code",
   "execution_count": 10,
   "id": "02ce59a1-e8a9-404f-bd09-5ab2bec6ab22",
   "metadata": {},
   "outputs": [
    {
     "name": "stdout",
     "output_type": "stream",
     "text": [
      "2021-08-21 10:22:40.521065\t开始加载历史数据\n",
      "2021-08-21 10:22:40.521681\tbtcusdt.BINANCE加载进度： [2%]\n",
      "2021-08-21 10:22:40.521784\tbtcusdt.BINANCE加载进度： [3%]\n",
      "2021-08-21 10:22:40.521845\tbtcusdt.BINANCE加载进度： [5%]\n",
      "2021-08-21 10:22:40.521897\tbtcusdt.BINANCE加载进度： [7%]\n",
      "2021-08-21 10:22:40.521941\tbtcusdt.BINANCE加载进度： [8%]\n",
      "2021-08-21 10:22:40.521993\tbtcusdt.BINANCE加载进度： [10%]\n",
      "2021-08-21 10:22:40.522072\tbtcusdt.BINANCE加载进度：# [12%]\n",
      "2021-08-21 10:22:40.522504\tbtcusdt.BINANCE加载进度：# [13%]\n",
      "2021-08-21 10:22:40.523848\tbtcusdt.BINANCE加载进度：# [15%]\n",
      "2021-08-21 10:22:40.526665\tbtcusdt.BINANCE加载进度：# [16%]\n",
      "2021-08-21 10:22:40.527442\tbtcusdt.BINANCE加载进度：# [18%]\n",
      "2021-08-21 10:22:40.528596\tbtcusdt.BINANCE加载进度：# [20%]\n",
      "2021-08-21 10:22:40.529899\tbtcusdt.BINANCE加载进度：## [21%]\n",
      "2021-08-21 10:22:40.530574\tbtcusdt.BINANCE加载进度：## [23%]\n",
      "2021-08-21 10:22:40.531636\tbtcusdt.BINANCE加载进度：## [25%]\n",
      "2021-08-21 10:22:40.532535\tbtcusdt.BINANCE加载进度：## [26%]\n",
      "2021-08-21 10:22:40.536884\tbtcusdt.BINANCE加载进度：## [28%]\n",
      "2021-08-21 10:22:40.537994\tbtcusdt.BINANCE加载进度：## [30%]\n",
      "2021-08-21 10:22:40.538603\tbtcusdt.BINANCE加载进度：### [31%]\n",
      "2021-08-21 10:22:40.539249\tbtcusdt.BINANCE加载进度：### [33%]\n",
      "2021-08-21 10:22:40.539791\tbtcusdt.BINANCE加载进度：### [35%]\n",
      "2021-08-21 10:22:40.540320\tbtcusdt.BINANCE加载进度：### [36%]\n",
      "2021-08-21 10:22:40.541290\tbtcusdt.BINANCE加载进度：### [38%]\n",
      "2021-08-21 10:22:40.541840\tbtcusdt.BINANCE加载进度：### [39%]\n",
      "2021-08-21 10:22:40.542444\tbtcusdt.BINANCE加载进度：#### [41%]\n",
      "2021-08-21 10:22:40.542980\tbtcusdt.BINANCE加载进度：#### [43%]\n",
      "2021-08-21 10:22:40.543518\tbtcusdt.BINANCE加载进度：#### [44%]\n",
      "2021-08-21 10:22:40.544176\tbtcusdt.BINANCE加载进度：#### [46%]\n",
      "2021-08-21 10:22:40.544775\tbtcusdt.BINANCE加载进度：#### [48%]\n",
      "2021-08-21 10:22:40.545327\tbtcusdt.BINANCE加载进度：#### [49%]\n",
      "2021-08-21 10:22:40.546042\tbtcusdt.BINANCE加载进度：##### [51%]\n",
      "2021-08-21 10:22:40.546630\tbtcusdt.BINANCE加载进度：##### [53%]\n",
      "2021-08-21 10:22:40.547502\tbtcusdt.BINANCE加载进度：##### [54%]\n",
      "2021-08-21 10:22:40.548262\tbtcusdt.BINANCE加载进度：##### [56%]\n",
      "2021-08-21 10:22:40.548974\tbtcusdt.BINANCE加载进度：##### [58%]\n",
      "2021-08-21 10:22:40.550476\tbtcusdt.BINANCE加载进度：##### [59%]\n",
      "2021-08-21 10:22:40.551154\tbtcusdt.BINANCE加载进度：###### [61%]\n",
      "2021-08-21 10:22:40.551712\tbtcusdt.BINANCE加载进度：###### [62%]\n",
      "2021-08-21 10:22:40.553016\tbtcusdt.BINANCE加载进度：###### [64%]\n",
      "2021-08-21 10:22:40.553518\tbtcusdt.BINANCE加载进度：###### [66%]\n",
      "2021-08-21 10:22:40.554174\tbtcusdt.BINANCE加载进度：###### [67%]\n",
      "2021-08-21 10:22:40.554721\tbtcusdt.BINANCE加载进度：###### [69%]\n",
      "2021-08-21 10:22:40.555293\tbtcusdt.BINANCE加载进度：####### [71%]\n",
      "2021-08-21 10:22:40.555863\tbtcusdt.BINANCE加载进度：####### [72%]\n",
      "2021-08-21 10:22:40.556415\tbtcusdt.BINANCE加载进度：####### [74%]\n",
      "2021-08-21 10:22:40.556975\tbtcusdt.BINANCE加载进度：####### [76%]\n",
      "2021-08-21 10:22:40.557631\tbtcusdt.BINANCE加载进度：####### [77%]\n",
      "2021-08-21 10:22:40.558194\tbtcusdt.BINANCE加载进度：####### [79%]\n",
      "2021-08-21 10:22:40.558816\tbtcusdt.BINANCE加载进度：######## [81%]\n",
      "2021-08-21 10:22:40.559398\tbtcusdt.BINANCE加载进度：######## [82%]\n",
      "2021-08-21 10:22:40.559967\tbtcusdt.BINANCE加载进度：######## [84%]\n",
      "2021-08-21 10:22:40.560561\tbtcusdt.BINANCE加载进度：######## [85%]\n",
      "2021-08-21 10:22:40.561241\tbtcusdt.BINANCE加载进度：######## [87%]\n",
      "2021-08-21 10:22:40.561922\tbtcusdt.BINANCE加载进度：######## [89%]\n",
      "2021-08-21 10:22:40.562595\tbtcusdt.BINANCE加载进度：######### [90%]\n",
      "2021-08-21 10:22:40.563203\tbtcusdt.BINANCE加载进度：######### [92%]\n",
      "2021-08-21 10:22:40.563398\tbtcusdt.BINANCE加载进度：######### [94%]\n",
      "2021-08-21 10:22:40.563419\tbtcusdt.BINANCE加载进度：######### [95%]\n",
      "2021-08-21 10:22:40.563441\tbtcusdt.BINANCE加载进度：######### [97%]\n",
      "2021-08-21 10:22:40.563464\tbtcusdt.BINANCE加载进度：######### [99%]\n",
      "2021-08-21 10:22:40.563501\tbtcusdt.BINANCE加载进度：########## [100%]\n",
      "2021-08-21 10:22:40.563521\tbtcusdt.BINANCE历史数据加载完成，数据量：34987\n",
      "2021-08-21 10:22:40.563545\tethusdt.BINANCE加载进度： [2%]\n",
      "2021-08-21 10:22:40.563566\tethusdt.BINANCE加载进度： [3%]\n",
      "2021-08-21 10:22:40.563747\tethusdt.BINANCE加载进度： [5%]\n",
      "2021-08-21 10:22:40.563767\tethusdt.BINANCE加载进度： [7%]\n",
      "2021-08-21 10:22:40.563788\tethusdt.BINANCE加载进度： [8%]\n",
      "2021-08-21 10:22:40.563808\tethusdt.BINANCE加载进度： [10%]\n",
      "2021-08-21 10:22:40.563828\tethusdt.BINANCE加载进度：# [12%]\n",
      "2021-08-21 10:22:40.564049\tethusdt.BINANCE加载进度：# [13%]\n",
      "2021-08-21 10:22:40.564596\tethusdt.BINANCE加载进度：# [15%]\n",
      "2021-08-21 10:22:40.565148\tethusdt.BINANCE加载进度：# [16%]\n",
      "2021-08-21 10:22:40.565717\tethusdt.BINANCE加载进度：# [18%]\n",
      "2021-08-21 10:22:40.566260\tethusdt.BINANCE加载进度：# [20%]\n",
      "2021-08-21 10:22:40.566789\tethusdt.BINANCE加载进度：## [21%]\n",
      "2021-08-21 10:22:40.567390\tethusdt.BINANCE加载进度：## [23%]\n",
      "2021-08-21 10:22:40.567988\tethusdt.BINANCE加载进度：## [25%]\n",
      "2021-08-21 10:22:40.568521\tethusdt.BINANCE加载进度：## [26%]\n",
      "2021-08-21 10:22:40.569050\tethusdt.BINANCE加载进度：## [28%]\n",
      "2021-08-21 10:22:40.569601\tethusdt.BINANCE加载进度：## [30%]\n",
      "2021-08-21 10:22:40.570104\tethusdt.BINANCE加载进度：### [31%]\n",
      "2021-08-21 10:22:40.571994\tethusdt.BINANCE加载进度：### [33%]\n",
      "2021-08-21 10:22:40.572513\tethusdt.BINANCE加载进度：### [35%]\n",
      "2021-08-21 10:22:40.572996\tethusdt.BINANCE加载进度：### [36%]\n",
      "2021-08-21 10:22:40.573457\tethusdt.BINANCE加载进度：### [38%]\n",
      "2021-08-21 10:22:40.574056\tethusdt.BINANCE加载进度：### [39%]\n",
      "2021-08-21 10:22:40.574545\tethusdt.BINANCE加载进度：#### [41%]\n",
      "2021-08-21 10:22:40.575029\tethusdt.BINANCE加载进度：#### [43%]\n",
      "2021-08-21 10:22:40.575559\tethusdt.BINANCE加载进度：#### [44%]\n",
      "2021-08-21 10:22:40.576029\tethusdt.BINANCE加载进度：#### [46%]\n",
      "2021-08-21 10:22:40.576536\tethusdt.BINANCE加载进度：#### [48%]\n",
      "2021-08-21 10:22:40.577107\tethusdt.BINANCE加载进度：#### [49%]\n",
      "2021-08-21 10:22:40.577612\tethusdt.BINANCE加载进度：##### [51%]\n",
      "2021-08-21 10:22:40.578119\tethusdt.BINANCE加载进度：##### [53%]\n",
      "2021-08-21 10:22:40.578627\tethusdt.BINANCE加载进度：##### [54%]\n",
      "2021-08-21 10:22:40.579151\tethusdt.BINANCE加载进度：##### [56%]\n",
      "2021-08-21 10:22:40.579638\tethusdt.BINANCE加载进度：##### [58%]\n",
      "2021-08-21 10:22:40.580177\tethusdt.BINANCE加载进度：##### [59%]\n",
      "2021-08-21 10:22:40.580643\tethusdt.BINANCE加载进度：###### [61%]\n",
      "2021-08-21 10:22:40.581124\tethusdt.BINANCE加载进度：###### [62%]\n",
      "2021-08-21 10:22:40.581600\tethusdt.BINANCE加载进度：###### [64%]\n",
      "2021-08-21 10:22:40.582057\tethusdt.BINANCE加载进度：###### [66%]\n",
      "2021-08-21 10:22:40.582524\tethusdt.BINANCE加载进度：###### [67%]\n",
      "2021-08-21 10:22:40.582986\tethusdt.BINANCE加载进度：###### [69%]\n",
      "2021-08-21 10:22:40.583529\tethusdt.BINANCE加载进度：####### [71%]\n",
      "2021-08-21 10:22:40.584026\tethusdt.BINANCE加载进度：####### [72%]\n",
      "2021-08-21 10:22:40.584479\tethusdt.BINANCE加载进度：####### [74%]\n",
      "2021-08-21 10:22:40.584944\tethusdt.BINANCE加载进度：####### [76%]\n",
      "2021-08-21 10:22:40.585456\tethusdt.BINANCE加载进度：####### [77%]\n",
      "2021-08-21 10:22:40.585902\tethusdt.BINANCE加载进度：####### [79%]\n",
      "2021-08-21 10:22:40.586376\tethusdt.BINANCE加载进度：######## [81%]\n",
      "2021-08-21 10:22:40.586906\tethusdt.BINANCE加载进度：######## [82%]\n",
      "2021-08-21 10:22:40.587354\tethusdt.BINANCE加载进度：######## [84%]\n",
      "2021-08-21 10:22:40.587789\tethusdt.BINANCE加载进度：######## [85%]\n",
      "2021-08-21 10:22:40.588238\tethusdt.BINANCE加载进度：######## [87%]\n",
      "2021-08-21 10:22:40.588682\tethusdt.BINANCE加载进度：######## [89%]\n",
      "2021-08-21 10:22:40.589128\tethusdt.BINANCE加载进度：######### [90%]\n",
      "2021-08-21 10:22:40.589581\tethusdt.BINANCE加载进度：######### [92%]\n",
      "2021-08-21 10:22:40.589791\tethusdt.BINANCE加载进度：######### [94%]\n",
      "2021-08-21 10:22:40.589810\tethusdt.BINANCE加载进度：######### [95%]\n",
      "2021-08-21 10:22:40.589824\tethusdt.BINANCE加载进度：######### [97%]\n",
      "2021-08-21 10:22:40.589840\tethusdt.BINANCE加载进度：######### [99%]\n",
      "2021-08-21 10:22:40.589856\tethusdt.BINANCE加载进度：########## [100%]\n",
      "2021-08-21 10:22:40.589870\tethusdt.BINANCE历史数据加载完成，数据量：34987\n",
      "2021-08-21 10:22:40.589881\t所有历史数据加载完成\n",
      "2021-08-21 10:22:40.601568\t策略初始化完成\n",
      "2021-08-21 10:22:40.601704\t开始回放历史数据\n",
      "2021-08-21 10:22:40.813334\t历史数据回放结束\n",
      "2021-08-21 10:22:40.813971\t开始计算逐日盯市盈亏\n",
      "2021-08-21 10:22:40.830270\t逐日盯市盈亏计算完成\n",
      "2021-08-21 10:22:40.830373\t开始计算策略统计指标\n",
      "2021-08-21 10:22:40.853714\t------------------------------\n",
      "2021-08-21 10:22:40.853865\t首个交易日：\t2017-08-17\n",
      "2021-08-21 10:22:40.853877\t最后交易日：\t2021-08-19\n",
      "2021-08-21 10:22:40.853886\t总交易日：\t1464\n",
      "2021-08-21 10:22:40.853898\t盈利交易日：\t394\n",
      "2021-08-21 10:22:40.853907\t亏损交易日：\t395\n",
      "2021-08-21 10:22:40.853923\t起始资金：\t1,000,000.00\n",
      "2021-08-21 10:22:40.853937\t结束资金：\t6,527,506.81\n",
      "2021-08-21 10:22:40.853947\t总收益率：\t552.75%\n",
      "2021-08-21 10:22:40.853956\t年化收益：\t91.75%\n",
      "2021-08-21 10:22:40.853974\t最大回撤: \t-441,391.96\n",
      "2021-08-21 10:22:40.853984\t百分比最大回撤: -11.49%\n",
      "2021-08-21 10:22:40.853993\t最长回撤天数: \t58\n",
      "2021-08-21 10:22:40.854002\t总盈亏：\t5,527,506.81\n",
      "2021-08-21 10:22:40.854011\t总手续费：\t60,830.46\n",
      "2021-08-21 10:22:40.854021\t总滑点：\t248,795.00\n",
      "2021-08-21 10:22:40.854031\t总成交金额：\t304,152,312.73\n",
      "2021-08-21 10:22:40.854045\t总成交笔数：\t773\n",
      "2021-08-21 10:22:40.854054\t日均盈亏：\t3,775.62\n",
      "2021-08-21 10:22:40.854065\t日均手续费：\t41.55\n",
      "2021-08-21 10:22:40.854074\t日均滑点：\t169.94\n",
      "2021-08-21 10:22:40.854083\t日均成交金额：\t207,754.31\n",
      "2021-08-21 10:22:40.854131\t日均成交笔数：\t0.5280054644808743\n",
      "2021-08-21 10:22:40.854144\t日均收益率：\t0.13%\n",
      "2021-08-21 10:22:40.854155\t收益标准差：\t1.24%\n",
      "2021-08-21 10:22:40.854165\tSharpe Ratio：\t1.61\n",
      "2021-08-21 10:22:40.854174\t收益回撤比：\t48.12\n",
      "2021-08-21 10:22:40.854710\t策略统计指标计算完成\n"
     ]
    }
   ],
   "source": [
    "import rotation_strategy\n",
    "reload(rotation_strategy)\n",
    "df1 = run_backtesting(rotation_strategy.RotationStrategy)"
   ]
  },
  {
   "cell_type": "code",
   "execution_count": 3,
   "id": "0d0df47d-deb2-4b33-b8ef-89ce277bd51f",
   "metadata": {},
   "outputs": [
    {
     "name": "stdout",
     "output_type": "stream",
     "text": [
      "2021-08-21 09:44:44.312386\t开始加载历史数据\n",
      "2021-08-21 09:44:44.312606\tbtcusdt.BINANCE加载进度： [2%]\n",
      "2021-08-21 09:44:44.312688\tbtcusdt.BINANCE加载进度： [3%]\n",
      "2021-08-21 09:44:44.312733\tbtcusdt.BINANCE加载进度： [5%]\n",
      "2021-08-21 09:44:44.312792\tbtcusdt.BINANCE加载进度： [7%]\n",
      "2021-08-21 09:44:44.312839\tbtcusdt.BINANCE加载进度： [8%]\n",
      "2021-08-21 09:44:44.312902\tbtcusdt.BINANCE加载进度： [10%]\n",
      "2021-08-21 09:44:44.312944\tbtcusdt.BINANCE加载进度：# [12%]\n",
      "2021-08-21 09:44:44.313519\tbtcusdt.BINANCE加载进度：# [13%]\n",
      "2021-08-21 09:44:44.316849\tbtcusdt.BINANCE加载进度：# [15%]\n",
      "2021-08-21 09:44:44.318007\tbtcusdt.BINANCE加载进度：# [16%]\n",
      "2021-08-21 09:44:44.318605\tbtcusdt.BINANCE加载进度：# [18%]\n",
      "2021-08-21 09:44:44.319395\tbtcusdt.BINANCE加载进度：# [20%]\n",
      "2021-08-21 09:44:44.320580\tbtcusdt.BINANCE加载进度：## [21%]\n",
      "2021-08-21 09:44:44.321375\tbtcusdt.BINANCE加载进度：## [23%]\n",
      "2021-08-21 09:44:44.322650\tbtcusdt.BINANCE加载进度：## [25%]\n",
      "2021-08-21 09:44:44.323591\tbtcusdt.BINANCE加载进度：## [26%]\n",
      "2021-08-21 09:44:44.324560\tbtcusdt.BINANCE加载进度：## [28%]\n",
      "2021-08-21 09:44:44.325244\tbtcusdt.BINANCE加载进度：## [30%]\n",
      "2021-08-21 09:44:44.325909\tbtcusdt.BINANCE加载进度：### [31%]\n",
      "2021-08-21 09:44:44.326512\tbtcusdt.BINANCE加载进度：### [33%]\n",
      "2021-08-21 09:44:44.327170\tbtcusdt.BINANCE加载进度：### [35%]\n",
      "2021-08-21 09:44:44.327881\tbtcusdt.BINANCE加载进度：### [36%]\n",
      "2021-08-21 09:44:44.328751\tbtcusdt.BINANCE加载进度：### [38%]\n",
      "2021-08-21 09:44:44.329291\tbtcusdt.BINANCE加载进度：### [39%]\n",
      "2021-08-21 09:44:44.329857\tbtcusdt.BINANCE加载进度：#### [41%]\n",
      "2021-08-21 09:44:44.330402\tbtcusdt.BINANCE加载进度：#### [43%]\n",
      "2021-08-21 09:44:44.331113\tbtcusdt.BINANCE加载进度：#### [44%]\n",
      "2021-08-21 09:44:44.331601\tbtcusdt.BINANCE加载进度：#### [46%]\n",
      "2021-08-21 09:44:44.332079\tbtcusdt.BINANCE加载进度：#### [48%]\n",
      "2021-08-21 09:44:44.332624\tbtcusdt.BINANCE加载进度：#### [49%]\n",
      "2021-08-21 09:44:44.333158\tbtcusdt.BINANCE加载进度：##### [51%]\n",
      "2021-08-21 09:44:44.333694\tbtcusdt.BINANCE加载进度：##### [53%]\n",
      "2021-08-21 09:44:44.334432\tbtcusdt.BINANCE加载进度：##### [54%]\n",
      "2021-08-21 09:44:44.334927\tbtcusdt.BINANCE加载进度：##### [56%]\n",
      "2021-08-21 09:44:44.335499\tbtcusdt.BINANCE加载进度：##### [58%]\n",
      "2021-08-21 09:44:44.336991\tbtcusdt.BINANCE加载进度：##### [59%]\n",
      "2021-08-21 09:44:44.337928\tbtcusdt.BINANCE加载进度：###### [61%]\n",
      "2021-08-21 09:44:44.339158\tbtcusdt.BINANCE加载进度：###### [62%]\n",
      "2021-08-21 09:44:44.343212\tbtcusdt.BINANCE加载进度：###### [64%]\n",
      "2021-08-21 09:44:44.343885\tbtcusdt.BINANCE加载进度：###### [66%]\n",
      "2021-08-21 09:44:44.344290\tbtcusdt.BINANCE加载进度：###### [67%]\n",
      "2021-08-21 09:44:44.344673\tbtcusdt.BINANCE加载进度：###### [69%]\n",
      "2021-08-21 09:44:44.345068\tbtcusdt.BINANCE加载进度：####### [71%]\n",
      "2021-08-21 09:44:44.345500\tbtcusdt.BINANCE加载进度：####### [72%]\n",
      "2021-08-21 09:44:44.345933\tbtcusdt.BINANCE加载进度：####### [74%]\n",
      "2021-08-21 09:44:44.346314\tbtcusdt.BINANCE加载进度：####### [76%]\n",
      "2021-08-21 09:44:44.346830\tbtcusdt.BINANCE加载进度：####### [77%]\n",
      "2021-08-21 09:44:44.347329\tbtcusdt.BINANCE加载进度：####### [79%]\n",
      "2021-08-21 09:44:44.347854\tbtcusdt.BINANCE加载进度：######## [81%]\n",
      "2021-08-21 09:44:44.348387\tbtcusdt.BINANCE加载进度：######## [82%]\n",
      "2021-08-21 09:44:44.348917\tbtcusdt.BINANCE加载进度：######## [84%]\n",
      "2021-08-21 09:44:44.349452\tbtcusdt.BINANCE加载进度：######## [85%]\n",
      "2021-08-21 09:44:44.349977\tbtcusdt.BINANCE加载进度：######## [87%]\n",
      "2021-08-21 09:44:44.350447\tbtcusdt.BINANCE加载进度：######## [89%]\n",
      "2021-08-21 09:44:44.350957\tbtcusdt.BINANCE加载进度：######### [90%]\n",
      "2021-08-21 09:44:44.351532\tbtcusdt.BINANCE加载进度：######### [92%]\n",
      "2021-08-21 09:44:44.351780\tbtcusdt.BINANCE加载进度：######### [94%]\n",
      "2021-08-21 09:44:44.351804\tbtcusdt.BINANCE加载进度：######### [95%]\n",
      "2021-08-21 09:44:44.351828\tbtcusdt.BINANCE加载进度：######### [97%]\n",
      "2021-08-21 09:44:44.351851\tbtcusdt.BINANCE加载进度：######### [99%]\n",
      "2021-08-21 09:44:44.351877\tbtcusdt.BINANCE加载进度：########## [100%]\n",
      "2021-08-21 09:44:44.351900\tbtcusdt.BINANCE历史数据加载完成，数据量：34987\n",
      "2021-08-21 09:44:44.351926\tethusdt.BINANCE加载进度： [2%]\n",
      "2021-08-21 09:44:44.351950\tethusdt.BINANCE加载进度： [3%]\n",
      "2021-08-21 09:44:44.351973\tethusdt.BINANCE加载进度： [5%]\n",
      "2021-08-21 09:44:44.351995\tethusdt.BINANCE加载进度： [7%]\n",
      "2021-08-21 09:44:44.352018\tethusdt.BINANCE加载进度： [8%]\n",
      "2021-08-21 09:44:44.352043\tethusdt.BINANCE加载进度： [10%]\n",
      "2021-08-21 09:44:44.352068\tethusdt.BINANCE加载进度：# [12%]\n",
      "2021-08-21 09:44:44.352356\tethusdt.BINANCE加载进度：# [13%]\n",
      "2021-08-21 09:44:44.352994\tethusdt.BINANCE加载进度：# [15%]\n",
      "2021-08-21 09:44:44.353715\tethusdt.BINANCE加载进度：# [16%]\n",
      "2021-08-21 09:44:44.354247\tethusdt.BINANCE加载进度：# [18%]\n",
      "2021-08-21 09:44:44.354808\tethusdt.BINANCE加载进度：# [20%]\n",
      "2021-08-21 09:44:44.355404\tethusdt.BINANCE加载进度：## [21%]\n",
      "2021-08-21 09:44:44.355947\tethusdt.BINANCE加载进度：## [23%]\n",
      "2021-08-21 09:44:44.356476\tethusdt.BINANCE加载进度：## [25%]\n",
      "2021-08-21 09:44:44.357096\tethusdt.BINANCE加载进度：## [26%]\n",
      "2021-08-21 09:44:44.357635\tethusdt.BINANCE加载进度：## [28%]\n",
      "2021-08-21 09:44:44.358225\tethusdt.BINANCE加载进度：## [30%]\n",
      "2021-08-21 09:44:44.358756\tethusdt.BINANCE加载进度：### [31%]\n",
      "2021-08-21 09:44:44.360514\tethusdt.BINANCE加载进度：### [33%]\n",
      "2021-08-21 09:44:44.361140\tethusdt.BINANCE加载进度：### [35%]\n",
      "2021-08-21 09:44:44.361831\tethusdt.BINANCE加载进度：### [36%]\n",
      "2021-08-21 09:44:44.362292\tethusdt.BINANCE加载进度：### [38%]\n",
      "2021-08-21 09:44:44.362777\tethusdt.BINANCE加载进度：### [39%]\n",
      "2021-08-21 09:44:44.363250\tethusdt.BINANCE加载进度：#### [41%]\n",
      "2021-08-21 09:44:44.363759\tethusdt.BINANCE加载进度：#### [43%]\n",
      "2021-08-21 09:44:44.364402\tethusdt.BINANCE加载进度：#### [44%]\n",
      "2021-08-21 09:44:44.364971\tethusdt.BINANCE加载进度：#### [46%]\n",
      "2021-08-21 09:44:44.365500\tethusdt.BINANCE加载进度：#### [48%]\n",
      "2021-08-21 09:44:44.366062\tethusdt.BINANCE加载进度：#### [49%]\n",
      "2021-08-21 09:44:44.366670\tethusdt.BINANCE加载进度：##### [51%]\n",
      "2021-08-21 09:44:44.367210\tethusdt.BINANCE加载进度：##### [53%]\n",
      "2021-08-21 09:44:44.367856\tethusdt.BINANCE加载进度：##### [54%]\n",
      "2021-08-21 09:44:44.368428\tethusdt.BINANCE加载进度：##### [56%]\n",
      "2021-08-21 09:44:44.368957\tethusdt.BINANCE加载进度：##### [58%]\n",
      "2021-08-21 09:44:44.369471\tethusdt.BINANCE加载进度：##### [59%]\n",
      "2021-08-21 09:44:44.370003\tethusdt.BINANCE加载进度：###### [61%]\n",
      "2021-08-21 09:44:44.370494\tethusdt.BINANCE加载进度：###### [62%]\n",
      "2021-08-21 09:44:44.371069\tethusdt.BINANCE加载进度：###### [64%]\n",
      "2021-08-21 09:44:44.371586\tethusdt.BINANCE加载进度：###### [66%]\n",
      "2021-08-21 09:44:44.372087\tethusdt.BINANCE加载进度：###### [67%]\n",
      "2021-08-21 09:44:44.372592\tethusdt.BINANCE加载进度：###### [69%]\n",
      "2021-08-21 09:44:44.373109\tethusdt.BINANCE加载进度：####### [71%]\n",
      "2021-08-21 09:44:44.373612\tethusdt.BINANCE加载进度：####### [72%]\n",
      "2021-08-21 09:44:44.374194\tethusdt.BINANCE加载进度：####### [74%]\n",
      "2021-08-21 09:44:44.374629\tethusdt.BINANCE加载进度：####### [76%]\n",
      "2021-08-21 09:44:44.375039\tethusdt.BINANCE加载进度：####### [77%]\n",
      "2021-08-21 09:44:44.375438\tethusdt.BINANCE加载进度：####### [79%]\n",
      "2021-08-21 09:44:44.375927\tethusdt.BINANCE加载进度：######## [81%]\n",
      "2021-08-21 09:44:44.376388\tethusdt.BINANCE加载进度：######## [82%]\n",
      "2021-08-21 09:44:44.376851\tethusdt.BINANCE加载进度：######## [84%]\n",
      "2021-08-21 09:44:44.377378\tethusdt.BINANCE加载进度：######## [85%]\n",
      "2021-08-21 09:44:44.377845\tethusdt.BINANCE加载进度：######## [87%]\n",
      "2021-08-21 09:44:44.378325\tethusdt.BINANCE加载进度：######## [89%]\n",
      "2021-08-21 09:44:44.378788\tethusdt.BINANCE加载进度：######### [90%]\n",
      "2021-08-21 09:44:44.379265\tethusdt.BINANCE加载进度：######### [92%]\n",
      "2021-08-21 09:44:44.379422\tethusdt.BINANCE加载进度：######### [94%]\n",
      "2021-08-21 09:44:44.379438\tethusdt.BINANCE加载进度：######### [95%]\n",
      "2021-08-21 09:44:44.379453\tethusdt.BINANCE加载进度：######### [97%]\n",
      "2021-08-21 09:44:44.379468\tethusdt.BINANCE加载进度：######### [99%]\n",
      "2021-08-21 09:44:44.379485\tethusdt.BINANCE加载进度：########## [100%]\n",
      "2021-08-21 09:44:44.379498\tethusdt.BINANCE历史数据加载完成，数据量：34987\n",
      "2021-08-21 09:44:44.379510\t所有历史数据加载完成\n",
      "2021-08-21 09:44:44.391714\t策略初始化完成\n",
      "2021-08-21 09:44:44.391893\t开始回放历史数据\n",
      "2021-08-21 09:44:44.642777\t历史数据回放结束\n",
      "2021-08-21 09:44:44.643523\t开始计算逐日盯市盈亏\n",
      "2021-08-21 09:44:44.663103\t逐日盯市盈亏计算完成\n",
      "2021-08-21 09:44:44.663394\t开始计算策略统计指标\n",
      "2021-08-21 09:44:44.694277\t------------------------------\n",
      "2021-08-21 09:44:44.694437\t首个交易日：\t2017-08-17\n",
      "2021-08-21 09:44:44.694451\t最后交易日：\t2021-08-19\n",
      "2021-08-21 09:44:44.694462\t总交易日：\t1464\n",
      "2021-08-21 09:44:44.694473\t盈利交易日：\t756\n",
      "2021-08-21 09:44:44.694481\t亏损交易日：\t687\n",
      "2021-08-21 09:44:44.694497\t起始资金：\t1,000,000.00\n",
      "2021-08-21 09:44:44.694510\t结束资金：\t2,656,645.05\n",
      "2021-08-21 09:44:44.694520\t总收益率：\t165.66%\n",
      "2021-08-21 09:44:44.694530\t年化收益：\t27.50%\n",
      "2021-08-21 09:44:44.694540\t最大回撤: \t-472,411.63\n",
      "2021-08-21 09:44:44.694549\t百分比最大回撤: -24.39%\n",
      "2021-08-21 09:44:44.694558\t最长回撤天数: \t71\n",
      "2021-08-21 09:44:44.694566\t总盈亏：\t1,656,645.05\n",
      "2021-08-21 09:44:44.694577\t总手续费：\t46,376.26\n",
      "2021-08-21 09:44:44.694586\t总滑点：\t218,705.00\n",
      "2021-08-21 09:44:44.694595\t总成交金额：\t231,881,287.11\n",
      "2021-08-21 09:44:44.694604\t总成交笔数：\t2423\n",
      "2021-08-21 09:44:44.694724\t日均盈亏：\t1,131.59\n",
      "2021-08-21 09:44:44.694742\t日均手续费：\t31.68\n",
      "2021-08-21 09:44:44.694752\t日均滑点：\t149.39\n",
      "2021-08-21 09:44:44.694763\t日均成交金额：\t158,388.86\n",
      "2021-08-21 09:44:44.694775\t日均成交笔数：\t1.655054644808743\n",
      "2021-08-21 09:44:44.694791\t日均收益率：\t0.07%\n",
      "2021-08-21 09:44:44.694801\t收益标准差：\t1.16%\n",
      "2021-08-21 09:44:44.694810\tSharpe Ratio：\t0.89\n",
      "2021-08-21 09:44:44.694819\t收益回撤比：\t6.79\n",
      "2021-08-21 09:44:44.695342\t策略统计指标计算完成\n"
     ]
    }
   ],
   "source": [
    "import rotation_contract_strategy\n",
    "reload(rotation_contract_strategy)\n",
    "df1 = run_backtesting(rotation_contract_strategy.RotationContractStrategy)"
   ]
  },
  {
   "cell_type": "code",
   "execution_count": null,
   "id": "93120b80-e5b2-40b4-a55b-9ee4c5060d55",
   "metadata": {},
   "outputs": [],
   "source": []
  }
 ],
 "metadata": {
  "kernelspec": {
   "display_name": "Python 3",
   "language": "python",
   "name": "python3"
  },
  "language_info": {
   "codemirror_mode": {
    "name": "ipython",
    "version": 3
   },
   "file_extension": ".py",
   "mimetype": "text/x-python",
   "name": "python",
   "nbconvert_exporter": "python",
   "pygments_lexer": "ipython3",
   "version": "3.7.10"
  }
 },
 "nbformat": 4,
 "nbformat_minor": 5
}
